0,0.0001,0.0000,0.0000,0.0000,0.9431,0.0528,0.0040,0.0000,0.0000,0.0000
1,0.3934,0.0000,0.0000,0.0000,0.5831,0.0000,0.0000,0.0234,0.0001,0.0000
2,0.9077,0.0000,0.0001,0.0569,0.0353,0.0000,0.0000,0.0000,0.0000,0.0000
3,0.0001,0.0000,0.0000,0.0000,0.0000,0.0001,0.9991,0.0007,0.0000,0.0000
4,0.0237,0.0000,0.0030,0.0006,0.9724,0.0000,0.0000,0.0002,0.0001,0.0000
5,0.2463,0.0000,0.0021,0.6233,0.1250,0.0000,0.0000,0.0000,0.0031,0.0000
6,0.0000,0.0001,0.0000,0.0030,0.0006,0.0000,0.0000,0.0000,0.0000,0.9963
7,0.0992,0.0000,0.0212,0.0099,0.8696,0.0000,0.0000,0.0000,0.0001,0.0000
8,0.1353,0.0000,0.0000,0.0000,0.1153,0.0000,0.0000,0.2109,0.5385,0.0000
9,0.0108,0.0001,0.0000,0.0000,0.9393,0.0000,0.0000,0.0497,0.0000,0.0000
10,0.0156,0.0000,0.0000,0.0000,0.5032,0.0000,0.0000,0.4364,0.0448,0.0000
11,0.5045,0.0004,0.0000,0.0000,0.0053,0.4886,0.0001,0.0005,0.0006,0.0000
12,0.0002,0.6367,0.0000,0.0000,0.3334,0.0072,0.0000,0.0000,0.0000,0.0224
13,0.0001,0.0000,0.0000,0.0001,0.9870,0.0077,0.0051,0.0000,0.0000,0.0000
14,0.9765,0.0000,0.0000,0.0000,0.0089,0.0000,0.0000,0.0144,0.0000,0.0001
15,0.0001,0.0000,0.0000,0.0000,0.0000,0.0004,0.9618,0.0376,0.0000,0.0000
16,0.0000,0.0023,0.0000,0.0001,0.0000,0.0000,0.0000,0.0000,0.0000,0.9977
17,0.1212,0.0000,0.0000,0.0000,0.1757,0.0000,0.0000,0.6870,0.0161,0.0000
18,0.1495,0.0000,0.0001,0.0003,0.4904,0.0000,0.0000,0.3417,0.0179,0.0000
19,0.7866,0.0618,0.0000,0.0000,0.1507,0.0000,0.0000,0.0000,0.0003,0.0005
20,0.0000,0.3976,0.0000,0.0000,0.5638,0.0001,0.0000,0.0000,0.0002,0.0383
21,0.0076,0.0000,0.0000,0.0000,0.0853,0.0000,0.0000,0.9067,0.0003,0.0000
22,0.0812,0.0048,0.0000,0.0000,0.4089,0.3204,0.1770,0.0000,0.0000,0.0075
23,0.0965,0.0000,0.0012,0.0006,0.9016,0.0000,0.0000,0.0001,0.0001,0.0000
24,0.9151,0.0000,0.0000,0.0000,0.0765,0.0013,0.0002,0.0054,0.0015,0.0000
25,0.0452,0.0001,0.0000,0.0000,0.3339,0.2459,0.3747,0.0000,0.0000,0.0001
26,0.0471,0.0000,0.2639,0.6858,0.0031,0.0000,0.0000,0.0000,0.0001,0.0000
27,0.0225,0.0000,0.0000,0.0000,0.8597,0.0971,0.0206,0.0000,0.0000,0.0000
28,0.0000,0.0000,0.0000,0.0000,0.9921,0.0002,0.0001,0.0075,0.0001,0.0000
29,0.1156,0.0140,0.0060,0.0044,0.0800,0.0000,0.0000,0.0000,0.0018,0.7782
30,0.8250,0.0001,0.0001,0.0000,0.1113,0.0620,0.0016,0.0000,0.0000,0.0000
31,0.3664,0.0000,0.0000,0.0000,0.4181,0.1642,0.0512,0.0000,0.0000,0.0001
32,0.0000,0.0000,0.0001,0.0000,0.9996,0.0002,0.0001,0.0000,0.0000,0.0000
33,0.0853,0.0000,0.0000,0.0000,0.9137,0.0000,0.0000,0.0007,0.0002,0.0000
34,0.6082,0.0003,0.0001,0.0000,0.0000,0.0000,0.0031,0.0002,0.0000,0.3881
35,0.8478,0.1426,0.0001,0.0000,0.0006,0.0000,0.0000,0.0088,0.0001,0.0000
36,0.0000,0.0000,0.0000,0.0000,0.9177,0.0776,0.0047,0.0000,0.0000,0.0000
37,0.0289,0.5944,0.0000,0.0000,0.0002,0.0582,0.0000,0.0000,0.0000,0.3183
38,0.0492,0.0000,0.0656,0.8820,0.0031,0.0000,0.0000,0.0000,0.0001,0.0000
39,0.2475,0.0000,0.0000,0.0000,0.2931,0.0000,0.0000,0.4397,0.0197,0.0000
40,0.9196,0.0000,0.0000,0.0001,0.0000,0.0000,0.0002,0.0000,0.0000,0.0800
41,0.0089,0.0000,0.0000,0.0000,0.4274,0.0018,0.0001,0.5428,0.0190,0.0000
42,0.0000,0.0000,0.0000,0.0000,0.9991,0.0001,0.0000,0.0007,0.0001,0.0000
43,0.9117,0.0000,0.0000,0.0000,0.0471,0.0000,0.0000,0.0409,0.0003,0.0000
44,0.0144,0.0000,0.0000,0.0000,0.4458,0.0000,0.0000,0.4876,0.0522,0.0000
45,0.0369,0.0001,0.0000,0.0000,0.4399,0.4690,0.0542,0.0000,0.0000,0.0000
46,0.0016,0.0001,0.0000,0.0001,0.9970,0.0008,0.0003,0.0000,0.0000,0.0000
47,0.0001,0.0000,0.0005,0.0002,0.9992,0.0000,0.0000,0.0000,0.0000,0.0000
48,0.0000,0.0012,0.3371,0.2969,0.0000,0.0005,0.0000,0.0000,0.3534,0.0109
49,0.0024,0.0000,0.0000,0.0000,0.5206,0.0000,0.0002,0.4768,0.0000,0.0000
50,0.0046,0.0000,0.0029,0.0000,0.0002,0.4632,0.0198,0.5043,0.0049,0.0000
51,0.0000,0.0000,0.0000,0.0000,0.9991,0.0004,0.0003,0.0001,0.0000,0.0000
52,0.0000,0.0000,0.0000,0.0000,0.9991,0.0002,0.0000,0.0007,0.0000,0.0000
53,0.0086,0.4610,0.0000,0.0000,0.0007,0.4964,0.0000,0.0000,0.0000,0.0334
54,0.0007,0.0000,0.0004,0.0002,0.9984,0.0000,0.0000,0.0000,0.0002,0.0000
55,0.0000,0.0000,0.0000,0.0000,0.0000,0.0002,0.9934,0.0064,0.0000,0.0000
56,0.0077,0.0000,0.0000,0.0000,0.0029,0.0577,0.0158,0.9159,0.0000,0.0000
57,0.0000,0.0000,0.0000,0.0000,0.9999,0.0000,0.0000,0.0000,0.0000,0.0000
58,0.0070,0.0000,0.0000,0.0000,0.0367,0.0127,0.0012,0.9331,0.0094,0.0000
59,0.5692,0.0000,0.0000,0.0000,0.3949,0.0006,0.0000,0.0353,0.0000,0.0000
60,0.0015,0.0000,0.0002,0.0001,0.9953,0.0017,0.0011,0.0000,0.0000,0.0000
61,0.1193,0.1365,0.0000,0.0000,0.3955,0.1979,0.0062,0.0000,0.0000,0.1446
62,0.0050,0.6304,0.0000,0.0000,0.2691,0.0386,0.0000,0.0000,0.0000,0.0569
63,0.0234,0.0000,0.0000,0.0000,0.0000,0.0000,0.9759,0.0005,0.0000,0.0002
64,0.6393,0.0133,0.0173,0.2205,0.0000,0.0000,0.0000,0.0000,0.0000,0.1097
65,0.0000,0.3072,0.0020,0.6871,0.0000,0.0000,0.0000,0.0000,0.0000,0.0037
66,0.9730,0.0188,0.0011,0.0022,0.0044,0.0003,0.0000,0.0000,0.0000,0.0002
67,0.7707,0.0001,0.0000,0.0000,0.2266,0.0002,0.0000,0.0020,0.0005,0.0000
68,0.0006,0.0000,0.0000,0.0000,0.4950,0.0000,0.0000,0.4915,0.0129,0.0000
69,0.0000,0.0085,0.0000,0.0000,0.9868,0.0020,0.0001,0.0000,0.0000,0.0026
70,0.9269,0.0073,0.0263,0.0000,0.0002,0.0384,0.0000,0.0009,0.0000,0.0000
71,0.0785,0.0000,0.0000,0.0000,0.2378,0.0000,0.0000,0.6835,0.0002,0.0000
72,0.0000,0.0000,0.0000,0.0000,0.9745,0.0000,0.0000,0.0100,0.0155,0.0000
73,0.8756,0.0000,0.0115,0.0003,0.1019,0.0000,0.0000,0.0097,0.0001,0.0008
74,0.2962,0.0001,0.0001,0.0006,0.7027,0.0001,0.0000,0.0000,0.0002,0.0000
75,0.0005,0.0000,0.0004,0.0003,0.9977,0.0006,0.0004,0.0000,0.0000,0.0000
76,0.2739,0.0000,0.0000,0.0000,0.3039,0.0000,0.0000,0.4214,0.0008,0.0000
77,0.0144,0.0000,0.0631,0.0108,0.9116,0.0001,0.0000,0.0000,0.0000,0.0000
78,0.0036,0.0000,0.0000,0.0000,0.0042,0.3824,0.0419,0.5677,0.0001,0.0000
79,0.0078,0.9878,0.0044,0.0000,0.0000,0.0000,0.0000,0.0000,0.0000,0.0000
80,0.3413,0.0001,0.0000,0.0000,0.3969,0.1333,0.1284,0.0000,0.0000,0.0000
81,0.0005,0.0000,0.0000,0.0000,0.9934,0.0037,0.0020,0.0003,0.0002,0.0000
82,0.0071,0.0000,0.0000,0.0000,0.9915,0.0011,0.0003,0.0000,0.0000,0.0000
83,0.0063,0.0000,0.0000,0.0000,0.8822,0.0000,0.0000,0.1114,0.0000,0.0000
84,0.0000,0.0000,0.0000,0.0000,0.9999,0.0000,0.0000,0.0000,0.0000,0.0000
85,0.2281,0.0382,0.0014,0.7082,0.0000,0.0000,0.0000,0.0000,0.0000,0.0241
86,0.4670,0.0000,0.0000,0.0000,0.0002,0.0001,0.4612,0.0715,0.0000,0.0000
87,0.0000,0.0011,0.0000,0.0000,0.9980,0.0006,0.0001,0.0000,0.0002,0.0000
88,0.3784,0.0000,0.0000,0.0000,0.6203,0.0010,0.0003,0.0000,0.0000,0.0000
89,0.0000,0.0000,0.0000,0.0000,0.9997,0.0000,0.0000,0.0002,0.0000,0.0000
90,0.9105,0.0001,0.0067,0.0396,0.0431,0.0000,0.0000,0.0000,0.0000,0.0000
91,0.9808,0.0000,0.0000,0.0000,0.0153,0.0000,0.0034,0.0005,0.0000,0.0000
92,0.1221,0.0000,0.0180,0.5247,0.3352,0.0000,0.0000,0.0000,0.0000,0.0000
93,0.0000,0.3950,0.0000,0.0000,0.6043,0.0000,0.0000,0.0000,0.0002,0.0004
94,0.9804,0.0000,0.0037,0.0144,0.0013,0.0000,0.0000,0.0002,0.0000,0.0000
95,0.0000,0.0000,0.0004,0.0001,0.9993,0.0000,0.0000,0.0000,0.0000,0.0000
96,0.4560,0.0001,0.0000,0.0000,0.2865,0.1237,0.1337,0.0000,0.0000,0.0000
97,0.0000,0.0002,0.0000,0.0005,0.0018,0.0000,0.0000,0.0000,0.0000,0.9975
98,0.0491,0.0000,0.0000,0.0000,0.1324,0.0000,0.0000,0.8185,0.0000,0.0000
99,0.0000,0.0000,0.0000,0.0000,0.9983,0.0001,0.0000,0.0015,0.0000,0.0000
